function img(){
	this.a = [   10,  15,  25,  37,  51,  66,  82, 100, 
                 15,  19,  28,  39,  52,  67,  83, 101, 
                 25,  28,  35,  45,  58,  72,  88, 105,
                 37,  39,  45,  54,  66,  79,  94, 111,
                 51,  52,  58,  66,  76,  89, 103, 119, 
                 66,  67,  72,  79,  89, 101, 114, 130,
                 82,  83,  88,  94, 103, 114, 127, 142,
                100, 101, 105, 111, 119, 130, 142, 156];
	
	this.b = [	62, 55, 55, 54, 49, 48, 47, 55,
				62, 57, 54, 52, 48, 47, 48, 53,
				61, 60, 52, 49, 48, 47, 49, 54,
				63, 61, 60, 60, 63, 65, 68, 65,
				67, 67, 70, 74, 79, 85, 91, 92,
				82, 95, 101, 106, 114, 115, 112, 117,
				96, 111, 115, 119, 128, 128, 130, 127,
				109, 121, 127, 133, 139, 141, 140, 133];
				
	this.c = [	255, 255, 255, 255, 0, 0, 0, 0,
				255, 255, 255, 255, 0, 0, 0, 0,
				255, 255, 255, 255, 0, 0, 0, 0,
				255, 255, 255, 255, 0, 0, 0, 0,
				255, 255, 255, 255, 0, 0, 0, 0,
				255, 255, 255, 255, 0, 0, 0, 0,
				255, 255, 255, 255, 0, 0, 0, 0,
				255, 255, 255, 255, 0, 0, 0, 0];
				
	this.d = [	0, 0, 0, 0, 0, 0, 0, 0,
				0, 0, 0, 0, 0, 0, 0, 0,
				0, 0, 0, 0, 0, 0, 0, 0,
				0, 0, 0, 255, 255, 0, 0, 0,
				0, 0, 0, 255, 255, 0, 0, 0,
				0, 0, 0, 0, 0, 0, 0, 0,
				0, 0, 0, 0, 0, 0, 0, 0,
				0, 0, 0, 0, 0, 0, 0, 0];
				
	this.e = [	255, 255, 255, 255, 255, 255, 255, 255,
				255, 255, 255, 255, 255, 255, 255, 255,
				255, 255, 255, 255, 255, 255, 255, 255,
				255, 255, 255, 255, 255, 255, 255, 255,
				255, 255, 255, 255, 255, 255, 255, 255,
				255, 255, 255, 255, 255, 255, 255, 255,
				255, 255, 255, 255, 255, 255, 255, 255,
				255, 255, 255, 255, 255, 255, 255, 255];
				
	this.f = [	0, 0, 0, 0, 0, 0, 0, 0,
				0, 0, 0, 0, 0, 0, 0, 0,
				0, 0, 0, 0, 0, 0, 0, 0,
				0, 0, 0, 0, 0, 0, 0, 0,
				0, 0, 0, 0, 0, 0, 0, 0,
				0, 0, 0, 0, 0, 0, 0, 0,
				0, 0, 0, 0, 0, 0, 0, 0,
				0, 0, 0, 0, 0, 0, 0, 0];
				
	this.random = [];
	for (var i = 0; i < 8 * 8; i++){
		this.random.push(Math.random() * 256);
	}	
}

var img = new img();