function quant(){
	
	this.a = [	 10,  15,  25,  37,  51,  66,  82, 100, 
				 15,  19,  28,  39,  52,  67,  83, 101, 
				 25,  28,  35,  45,  58,  72,  88, 105,
				 37,  39,  45,  54,  66,  79,  94, 111,
				 51,  52,  58,  66,  76,  89, 103, 119, 
				 66,  67,  72,  79,  89, 101, 114, 130,
				 82,  83,  88,  94, 103, 114, 127, 142,
				100, 101, 105, 111, 119, 130, 142, 156];
	
	this.b = [	3, 5, 7, 9, 11, 13, 15, 17,
				5, 7, 9, 11, 13, 15, 17, 19,
				7, 9, 11, 13, 15, 17, 19, 21,
				9, 11, 13, 15, 17, 19, 21, 23, 
				11, 13, 15, 17, 19, 21, 23, 25,
				13, 15, 17, 19, 21, 23, 25, 27,
				15, 17, 19, 21, 23, 25, 27, 29,
				17, 19, 21, 23, 25, 27, 29, 31];
	
	this.c = [	6, 12, 14, 14, 18, 24, 49, 72,
				11, 12, 13, 17, 22, 35, 64, 92,
				10, 14, 16, 22, 37, 55, 78, 95,
				16, 19, 24, 29, 56, 64, 87, 98,
				24, 26, 40, 51, 68, 81, 103, 112,
				40, 68, 57, 86, 109, 104, 121, 100,
				50, 60, 69, 80, 103, 113, 120, 103,
				50, 55, 57, 62, 77, 92, 101, 99];
				
	this.d = [	1, 5, 10, 50, 100, 200, 300, 400,
				5, 10, 50, 100, 200, 300, 400, 500,
				10, 50, 100, 200, 300, 400, 500, 600,
				50, 100, 200, 300, 400, 500, 600, 700,
				100, 200, 300, 400, 500, 600, 700, 800,
				200, 300, 400, 500, 600, 700, 800, 900,
				300, 400, 500, 600, 700, 800, 900, 1000,
				400, 500, 600, 700, 800, 900, 1000, 1100];
				
	this.e = [	1, 1000, 1000, 1000, 1000, 1000, 1000, 1000,
				1000, 1000, 1000, 1000, 1000, 1000, 1000, 1000,
				1000, 1000, 1000, 1000, 1000, 1000, 1000, 1000,
				1000, 1000, 1000, 1000, 1000, 1000, 1000, 1000,
				1000, 1000, 1000, 1000, 1000, 1000, 1000, 1000,
				1000, 1000, 1000, 1000, 1000, 1000, 1000, 1000,
				1000, 1000, 1000, 1000, 1000, 1000, 1000, 1000,
				1000, 1000, 1000, 1000, 1000, 1000, 1000, 1000];
}

var quant = new quant();